%YAML:1.0
---
image_width: 640
image_height: 480
K1: !!opencv-matrix
   rows: 3
   cols: 3
   dt: d
   data: [ 4.3245518014265872e+02, 0., 320., 0., 5.1468166092229410e+02,
       240., 0., 0., 1. ]
D1: !!opencv-matrix
   rows: 1
   cols: 5
   dt: d
   data: [ 0., 0., 0., 0., 0. ]
P1: !!opencv-matrix
   rows: 3
   cols: 4
   dt: d
   data: [ 4.3245518014265872e+02, 0., 320., 0., 0.,
       5.1468166092229410e+02, 240., 0., 0., 0., 1., 0. ]
K2: !!opencv-matrix
   rows: 3
   cols: 3
   dt: d
   data: [ 4.3245518014265872e+02, 0., 320., 0., 5.1468166092229410e+02,
       240., 0., 0., 1. ]
D2: !!opencv-matrix
   rows: 1
   cols: 5
   dt: d
   data: [ 0., 0., 0., 0., 0. ]
P2: !!opencv-matrix
   rows: 3
   cols: 4
   dt: d
   data: [ 4.3245518014265872e+02, 0., 320., 2.5947311839613019e+02, 0.,
       5.1468166092229410e+02, 240., 0., 0., 0., 1., 0. ]
R: !!opencv-matrix
   rows: 3
   cols: 3
   dt: d
   data: [ 1., 0., 0., 0., 1., 0., 0., 0., 1. ]
T: !!opencv-matrix
   rows: 3
   cols: 1
   dt: d
   data: [ 6.0000002384185791e-01, 0., 0. ]
